1735100623.0940325,0.001666715295574217,0.07323937315223705,0.9973129981507265,0.006206136114279196,-0.9999984982962279,-0.00035148808559198885,0.0016970154433554319,-0.012499762853805276,0.0004748319837570292,-0.9973143289236314,0.07323867733782558,0.010627641513631395,0.0,0.0,0.0,1.0
1735100623.1953864,0.001750902624426176,0.07327304357030368,0.9973103806869474,0.006770503505548309,-0.999998434732486,-0.00012572253060399996,0.0017648587544486505,-0.010365103235112944,0.00025470095726770614,-0.9973119097252322,0.07327270875048014,0.008798510002463176,0.0,0.0,0.0,1.0
1735100623.2953339,0.002175257560569299,0.07288839080013448,0.9973377315338634,0.005128310634364846,-0.999997036866203,-0.0009314821084018265,0.0022491331431739314,-0.014322128015162564,0.0010929379484590496,-0.9973396687325984,0.07288614860858145,0.007954578141979111,0.0,0.0,0.0,1.0
1735100623.3952963,0.001813078136716162,0.07287816168569006,0.9973392032287635,0.006473382687128982,-0.9999981288948229,-0.0005405766747461627,0.0018574131775476177,-0.011143465167050741,0.0006745031679458169,-0.99734070473744,0.0728770452152343,0.007900054874820494,0.0,0.0,0.0,1.0
1735100623.495381,0.0023301375413237735,0.072614052343414,0.9973573932454236,0.005533596286566719,-0.9999968992369652,-0.0007071031433036334,0.0023877859199800677,-0.011887571054590389,0.0008786213595392556,-0.9973598645460988,0.07261217953686483,0.005878458919170399,0.0,0.0,0.0,1.0
1735100623.5953937,0.0018192544006280786,0.0732648543222515,0.9973108599802598,0.005996749379584103,-0.9999983369845752,5.7970532571505196e-06,0.0018237309227270848,-0.011774815874501453,0.00012783391620729834,-0.9973125192674228,0.0732647430279833,0.00651385544196411,0.0,0.0,0.0,1.0
1735100623.695405,0.0019012651217873988,0.07292092055415855,0.9973359135900357,0.005323112388598357,-0.9999981783350067,0.00030706453598433603,0.0018838890729628854,-0.011689310504490426,-0.00016887156410466675,-0.9973376785507029,0.07292137152776268,0.004860094892208159,0.0,0.0,0.0,1.0
1735100623.7953708,0.001835717456301733,0.07248676352485178,0.9973676850866551,0.005377006306735489,-0.9999983143915558,9.634555174831139e-05,0.0018335570844324467,-0.011659011565127627,3.6816678872952924e-05,-0.99736936980801,0.0724868182037623,0.005987739366290224,0.0,0.0,0.0,1.0
1735100623.8953123,0.001784836393917133,0.07272095158487657,0.9973507294626286,0.00571549967275541,-0.9999982579976097,-0.0004149835753783915,0.001819832513883457,-0.012642120561352022,0.0005462241237533805,-0.9973522401785753,0.07272008422701692,0.006130783519970637,0.0,0.0,0.0,1.0
1735100623.995448,0.001905243676638524,0.07267056907526748,0.9973541790341129,0.005501659066483434,-0.9999972848495152,-0.0011997670516842862,0.0019977118459045817,-0.012333163605362352,0.001341767539555061,-0.9973552771952924,0.07266808591514795,0.005442378368079006,0.0,0.0,0.0,1.0
1735100624.0953453,0.0019745516073760294,0.07246530720872862,0.9973689790629617,0.005125535533771902,-0.9999979531471628,-0.0002971688531904215,0.0020013475853983276,-0.012069269431422754,0.00044141526332319714,-0.9973708893595288,0.07246457210767232,0.006136251619671683,0.0,0.0,0.0,1.0
1735100624.195122,0.0018684170555867685,0.07210467275882898,0.9973953204141517,0.0038588092082641407,-0.9999978908544149,-0.0007158813075734405,0.0019250456292923546,-0.012073480200703104,0.0008528214512916743,-0.9973968135503017,0.0721031831147319,0.007342963565828843,0.0,0.0,0.0,1.0
1735100624.2952855,0.001850550694578068,0.07243663928839794,0.9973712993417895,0.005502946445775956,-0.9999977232214792,-0.0009257133719829946,0.0019226561343406168,-0.012262029536032316,0.0010625506975115995,-0.9973725865208827,0.07243476128669007,0.007249904914698893,0.0,0.0,0.0,1.0
1735100624.3954067,0.001829709984066119,0.07214652763374452,0.9973923654769812,0.003898957501906223,-0.9999976143096252,-0.0010580058731022857,0.0019110203114434121,-0.012364191733417967,0.0011931204601702272,-0.9973934826205584,0.07214441967055879,0.0051888691410611806,0.0,0.0,0.0,1.0
1735100624.4952738,0.002096859487784597,0.07160624644989261,0.9974307738633522,0.004059684869561066,-0.999996907093601,-0.0011839499044055124,0.0021872507528353236,-0.012213754106845763,0.001337528885821837,-0.9974322752608225,0.0716035424018846,0.0073641373438025366,0.0,0.0,0.0,1.0
1735100624.5952237,0.0018684917159584868,0.07257751329298434,0.9973610245557594,0.004993152177228651,-0.9999974502919623,-0.0011291751122056715,0.0019556004551462003,-0.012317157436449228,0.001268127864841484,-0.9973621355995888,0.07257521838717246,0.006672468252182343,0.0,0.0,0.0,1.0
1735100624.6953247,0.002000926859224317,0.07171900086420963,0.9974228698033467,0.0037624928470999866,-0.9999972135166502,-0.0011059693341005095,0.0020856152012167506,-0.012272795075022469,0.0012526973455515011,-0.9974242636646012,0.0717165880566617,0.009012191278831669,0.0,0.0,0.0,1.0
1735100624.7953296,0.0015342415006107113,0.07255875919841359,0.997362959291453,0.004025772213078786,-0.9999974356061652,-0.0015500868372060883,0.0016510638663969068,-0.012795089929396049,0.0016657983406176968,-0.997362934790733,0.07255619492162363,0.008775594674122245,0.0,0.0,0.0,1.0
1735100624.8954074,0.0015531273895270092,0.07263105126881442,0.997357668134606,0.0039189868033210114,-0.9999970675319769,-0.0017404397637179048,0.0016839824452152263,-0.012719993637803767,0.0018581503595845872,-0.9973573588543958,0.07262813515591227,0.009874130671825273,0.0,0.0,0.0,1.0
1735100624.9952931,0.0009417737519048508,0.07302820645609598,0.9973294310928592,0.003158774102726269,-0.9999992106224517,-0.0007607585981926901,0.001000000414475899,-0.014399259136308126,0.0008317551766590103,-0.9973295855975403,0.0730274323467901,0.009868803942196447,0.0,0.0,0.0,1.0
1735100625.0953908,-0.0005304450022763363,0.07232706588893312,0.9973808270505291,0.0028635234730354717,-0.9999973540903243,-0.002270904623662029,-0.00036715737909925883,-0.012293755634092667,0.002238401315751204,-0.9973783828277452,0.07232807910805789,0.010305413109074471,0.0,0.0,0.0,1.0
1735100625.195374,0.0010898882533139642,0.07156854991160272,0.9974350880168323,0.001118136209696757,-0.9999913451808731,-0.003926889569482561,0.0013744459455550806,-0.013826500990834418,0.004015184546624473,-0.9974279533890456,0.07156365062793418,0.010257444821188434,0.0,0.0,0.0,1.0
1735100625.2952988,0.006438043035034369,0.058132534222576915,0.9982881147578291,-0.0001601535787805232,-0.9999180812991972,-0.010669928224590675,0.007069888444273309,-0.017277455507670035,0.011062653063864503,-0.9982518525384982,0.058059078623808325,0.009492436424224125,0.0,0.0,0.0,1.0
1735100625.3952286,-0.0019515925879564633,0.036240334077633996,0.999341197725938,0.004636858791238383,-0.9997482589308264,-0.022408026940207104,-0.0011397777978232049,-0.023919230491174618,0.02235195855293426,-0.9990918468862553,0.03627494223647337,0.018002825046419785,0.0,0.0,0.0,1.0
1735100625.4953141,0.007362951343901608,0.03644544105247549,0.9993085193142297,0.002840455144739588,-0.9998630570726947,-0.014542961280208822,0.007897428597199496,-0.03368501487157026,0.01482073037177506,-0.9992298194628166,0.03633337099078843,0.0375017985868339,0.0,0.0,0.0,1.0
1735100625.5953856,0.032116268865198444,0.022736377133938612,0.9992255012903752,0.0032924914383553466,-0.999473217380848,0.00540435931518829,0.0320012599559531,-0.04496722542512509,-0.004672580930752568,-0.9997268877324526,0.02289796786245271,0.06595363219659998,0.0,0.0,0.0,1.0
1735100625.6952183,0.06350799321932724,0.004792942797782751,0.9979698204337601,0.00987092702710482,-0.997703955230843,0.023879936695837573,0.06337638629754194,-0.05490940362265182,-0.02352769674206029,-0.9997033441590263,0.006298504844300279,0.09319802989325501,0.0,0.0,0.0,1.0
1735100625.7952206,0.12566098514227178,-0.01217158652788719,0.9919985732320726,0.020168261019341525,-0.9910626404981607,0.04358199816605671,0.1260771670234826,-0.061265907277999854,-0.04476783914694832,-0.9989757063699036,-0.006586247859364347,0.11868818335427203,0.0,0.0,0.0,1.0
1735100625.8953035,0.21576742121477444,-0.03457486033630619,0.9758324646039662,0.03205336814987728,-0.9742697340068543,0.05904402424582622,0.21751388139397365,-0.0628902660651885,-0.06513758777034545,-0.9976564449917533,-0.020945463133512587,0.1402629737573416,0.0,0.0,0.0,1.0
1735100625.99529,0.30293432395552244,-0.07483040072649255,0.9500690535412271,0.05311122466790562,-0.9506060727969006,0.047058293127427375,0.30681201314418394,-0.05943185953803001,-0.06766749390412169,-0.9960853016559604,-0.056878661145371434,0.16371894337145013,0.0,0.0,0.0,1.0
1735100626.0952246,0.3851725807009715,-0.10915129165120052,0.9163667817020804,0.07395128921856337,-0.9212795536987037,0.012325201541709574,0.3887056384253691,-0.05022409282874535,-0.053722127776839435,-0.9939487335561281,-0.09581152357257516,0.1835287703340784,0.0,0.0,0.0,1.0
1735100626.1951814,0.47918475307914543,-0.14292987606445995,0.8659982811441815,0.08976535492655617,-0.8758360210327187,-0.013355764703821826,0.4824239710159016,-0.03916298809507023,-0.057386729110951606,-0.9896427002092091,-0.13158301275078027,0.1939386435067732,0.0,0.0,0.0,1.0
1735100626.2952433,0.5693350022784387,-0.15535059364824122,0.8072941522355709,0.09761375415665612,-0.8206122912382136,-0.04822884110944997,0.5694466141386818,-0.027885565265165526,-0.04952900816066774,-0.9866813933273386,-0.1549409739618351,0.20972301146975528,0.0,0.0,0.0,1.0
1735100626.3951926,0.6513210528727895,-0.1603398339669298,0.741668405507568,0.09637706843097903,-0.757735298981844,-0.08561982392196921,0.6469207543652207,-0.011602265903928944,-0.040225648056634866,-0.9833414378510794,-0.17726114589327063,0.22406038825743538,0.0,0.0,0.0,1.0
1735100626.495252,0.7234343597694096,-0.15657873743013595,0.6724030235579026,0.08862547589438603,-0.6891771076562476,-0.10600220603015986,0.7167973539287855,0.0039363175511922584,-0.04095902083294428,-0.9819606057788288,-0.1845961194361419,0.23590852400323992,0.0,0.0,0.0,1.0
1735100626.595361,0.7916562532279547,-0.12003368329755729,0.5990595058916084,0.06782679015863102,-0.6106103333504306,-0.12195502196923058,0.7824845004357343,0.02146161841938697,-0.020866181508662762,-0.9852506724131206,-0.16984026312609546,0.2515987842905738,0.0,0.0,0.0,1.0
1735100626.6952915,0.8523217341350457,-0.08208586398680762,0.5165361288957124,0.042801710439609175,-0.5228981757399604,-0.154863505703152,0.8382092772149159,0.04134453759752541,0.011187463021181288,-0.9845197842272493,-0.17491608026788308,0.26219308629961685,0.0,0.0,0.0,1.0
1735100626.7954266,0.8944308747454711,-0.042718728494012564,0.44516122982342765,0.024788576810241162,-0.4455401140545421,-0.17096650120959989,0.8787857885926547,0.05989601100655858,0.0385670464297877,-0.9843503267130067,-0.17195062439456243,0.2713139861108223,0.0,0.0,0.0,1.0
1735100626.8953342,0.9298421522591636,-0.03410679168774508,0.36637453328911274,0.017008027040694138,-0.366800059591329,-0.16486989951114422,0.9155739361291269,0.07647021598369722,0.02917684297253348,-0.9857254399658932,-0.1658133554277284,0.277382825717338,0.0,0.0,0.0,1.0
1735100626.9957414,0.9634421452941258,-0.0483901883694009,0.26351019399755043,0.02597318983431402,-0.2678916970532211,-0.1606238284193789,0.9499652753621299,0.08844225453057591,-0.003642982431743491,-0.9858287759106426,-0.16771509552072567,0.2798353588292722,0.0,0.0,0.0,1.0
1735100627.0955179,0.9910764276788674,-0.044005034899801974,0.12582158559945697,0.03849588374338448,-0.13158039807039956,-0.17207138854669235,0.9762571567406039,0.09973132576869446,-0.02130993531030665,-0.9841011097174314,-0.17632609707581592,0.2812951540474871,0.0,0.0,0.0,1.0
1735100627.1953425,0.999635203007643,-0.02053835531663809,-0.017539580062152456,0.0466384036071109,0.013432155951437468,-0.18535058082002487,0.9825806528607086,0.11167936703650003,-0.023431561927566735,-0.982457804768514,-0.18500709109401092,0.28483623905441985,0.0,0.0,0.0,1.0
1735100627.2952893,0.9920634218193964,-0.00010185119858584918,-0.12573844564938666,0.05487174928445258,0.12274778457339075,-0.21602058224448134,0.9686423950194829,0.11929005063697924,-0.02726074962863037,-0.9763888045615277,-0.21429361599589586,0.2955359707557127,0.0,0.0,0.0,1.0
1735100627.3952544,0.9803931962006711,0.014971491972538595,-0.19648164105470198,0.06275628493046438,0.19389650395857855,-0.25100175628990234,0.9483682112407741,0.13490559240328792,-0.03511874992185035,-0.9678708450860067,-0.24898333405355838,0.3113719291393044,0.0,0.0,0.0,1.0
1735100627.5950828,0.950021278515901,-7.333599822695325e-05,-0.3121851453686484,0.05864074661339746,0.30250097276955384,-0.24692537848920443,0.920609047821841,0.18837324230809316,-0.07715394896235962,-0.9690344947832324,-0.23456217955953423,0.3317797458102829,0.0,0.0,0.0,1.0
1735100627.6952162,0.9393814559238789,0.00991285531982336,-0.34273052908333446,0.08668005868982125,0.3356243053692144,-0.23104691861792587,0.9132215760934442,0.18671729059200962,-0.07013419930224044,-0.9728921094841761,-0.22036818597897417,0.339765392141148,0.0,0.0,0.0,1.0
1735100627.7951734,0.9404830001293902,0.011838337413684397,-0.339634480338645,0.0805538938377616,0.33347041408528905,-0.2247445692834757,0.9155803413722747,0.21798371669172023,-0.06549205598702451,-0.974345797109458,-0.21531618206193354,0.328956213756444,0.0,0.0,0.0,1.0
1735100627.895256,0.9400107449762221,0.00011903931136400536,-0.34114481552398,0.08552892581480233,0.33197423212009536,-0.23062563606566894,0.9146610985482976,0.24647205189032778,-0.07856785944342062,-0.9730425488224798,-0.21683009395268688,0.3143638981240089,0.0,0.0,0.0,1.0
1735100627.9952488,0.9348843910242168,-0.02175493316642707,-0.354285052326801,0.08882909687809275,0.3414282065997092,-0.21777648009047362,0.9143304569232671,0.2672479583269558,-0.09704614962679431,-0.9757561824566259,-0.19616808415307002,0.2979471994564121,0.0,0.0,0.0,1.0
1735100628.095198,0.9264289940801578,-0.056688527628068724,-0.372177014017509,0.09456430098082132,0.35395354986361716,-0.20560395815557803,0.9123836347336045,0.2764528348614427,-0.1282427521015176,-0.9769920282305897,-0.17041236254247433,0.28052294848697457,0.0,0.0,0.0,1.0
1735100628.1952684,0.9276952941052207,-0.06503246064115076,-0.3676305487279118,0.10314175203286678,0.3488027010574936,-0.20011067226345636,0.9155830899384635,0.27990249487382846,-0.13310941751065208,-0.9776126522857737,-0.16295823103099216,0.2624167062591745,0.0,0.0,0.0,1.0
1735100628.295341,0.9412315974289333,-0.05426219029145013,-0.33337470615833026,0.1068922676489116,0.3138659712635338,-0.22413411234757896,0.9226332162701284,0.28602530642869783,-0.1247847429943947,-0.9730465119340069,-0.193931053544515,0.24576082077864386,0.0,0.0,0.0,1.0
1735100628.3950362,0.9498128177945606,-0.057289298804859334,-0.307528124560347,0.11560751372069124,0.2850987542482313,-0.2460580669445756,0.9263768822771892,0.2937112624027181,-0.12874125787510154,-0.9675605221038868,-0.21737599818468994,0.23748451768495046,0.0,0.0,0.0,1.0
1735100628.4952044,0.9519963296371439,-0.059360058605754024,-0.3002988041929702,0.12789372846837604,0.27636623775254143,-0.25515415585791906,0.9265624962078589,0.2954672163970149,-0.1316232919657921,-0.96507654628571,-0.22650070379876003,0.22964152150162814,0.0,0.0,0.0,1.0
1735100628.5952249,0.9542680338738558,-0.06597592619530034,-0.29158137232888875,0.13432482844556515,0.26403978646196546,-0.2713983204098051,0.9255408920430566,0.2952395453365463,-0.14019811229701157,-0.9602031706057887,-0.24156647214989396,0.22649515622717195,0.0,0.0,0.0,1.0
1735100628.6953287,0.953281885641393,-0.07861278571498886,-0.29167392140902776,0.14153958401926892,0.25968644096513344,-0.2800108389381136,0.9242060822435851,0.3006177188760208,-0.1543262741300156,-0.9567726793754634,-0.24651458600627307,0.22516853654111907,0.0,0.0,0.0,1.0
1735100628.7951663,0.948293782170467,-0.10029655038470273,-0.30113037820479005,0.14987835400924904,0.26374621998695436,-0.27879417668902684,0.9234239213313034,0.30420967253409165,-0.17656962971990453,-0.9550991618807005,-0.2379259482178423,0.22288875899956131,0.0,0.0,0.0,1.0
1735100628.8951132,0.9450451895465328,-0.11240525272663354,-0.3070091999833555,0.15767231945109536,0.266764090845586,-0.2777762185597705,0.9228636368597276,0.30928111890172594,-0.18901457496787463,-0.9540468707364942,-0.2325253940704486,0.22113033334423732,0.0,0.0,0.0,1.0
1735100628.9952614,0.9473366089035735,-0.09897337054975167,-0.3045613589296908,0.1629740064595736,0.2702432057260239,-0.2631927437424064,0.9261199649074985,0.3186541011557332,-0.171819554154934,-0.9596529849707998,-0.22258524040608396,0.2159038226901024,0.0,0.0,0.0,1.0
1735100629.095189,0.9470380136797267,-0.08576003624405994,-0.30945794032303564,0.16735335412301905,0.2800851660606436,-0.25076764006253205,0.9266433458727529,0.3243883915742091,-0.15707100432078377,-0.96424105226903,-0.2134663737471887,0.21233004503098246,0.0,0.0,0.0,1.0
1735100629.195181,0.945192780878454,-0.08453063314938007,-0.31538100614117515,0.18055533607881427,0.2872834946281909,-0.24374175774710183,0.9263142821119448,0.3309698543585144,-0.15517345355913567,-0.9661493298604096,-0.20609869412689796,0.2091516303421376,0.0,0.0,0.0,1.0
1735100629.2952292,0.9432676525216624,-0.07419838959946791,-0.32363673259863124,0.19493612936871194,0.29517264618964356,-0.25896770903184174,0.9196786583476877,0.3378290671791701,-0.15205013859801597,-0.9630318398992035,-0.2223745279762933,0.21008733578529715,0.0,0.0,0.0,1.0
1735100629.3951683,0.9411137736740366,-0.07066567174742179,-0.3306224853779609,0.2127544491575393,0.301565453929688,-0.26665730493611595,0.9153972682504513,0.34356636883536124,-0.15285006377884042,-0.961197297416453,-0.2296445371484187,0.2094591523188232,0.0,0.0,0.0,1.0
1735100629.5952392,0.9344656878369371,-0.0610569239666226,-0.3507790334258506,0.24014763116600765,0.3220608361415053,-0.2751473522249812,0.9058536042801929,0.3697111470836604,-0.15182455690458774,-0.9594613002092977,-0.23745171576851032,0.21224633178704025,0.0,0.0,0.0,1.0
1735100629.6952732,0.9291221069438456,-0.05624483234833763,-0.3654704218159614,0.293440672110829,0.33676877698608243,-0.27945368411612653,0.8991620706420075,0.3575654802474335,-0.15270527572918896,-0.9585103845384418,-0.24070509237745846,0.21569005222894316,0.0,0.0,0.0,1.0
1735100629.7951412,0.9187915739209098,-0.05104165235794056,-0.3914291678152106,0.3199232269872584,0.36294512823693054,-0.28068083162772833,0.888531994159943,0.37040350502418073,-0.1552188055005424,-0.9584430189016653,-0.23936186400019271,0.21804507844410706,0.0,0.0,0.0,1.0
1735100629.8951428,0.9105597381021542,-0.03674718738217289,-0.4117409471583264,0.3549452913755293,0.38599437262271474,-0.28090695537780325,0.8786919976442084,0.37737612343419324,-0.14795035535926598,-0.9590312438288296,-0.24159835618065478,0.217688806556712,0.0,0.0,0.0,1.0
1735100629.9953086,0.9063088844526754,-0.03189249931330268,-0.42141081434830063,0.3926014884023819,0.396143451402462,-0.28325758765707487,0.8734045482739597,0.3825636480639146,-0.1472228646409658,-0.9585134362763233,-0.24408486353041714,0.21901168033945362,0.0,0.0,0.0,1.0
1735100630.0951648,0.9065379016408855,-0.04492840903621101,-0.419726662186256,0.4358743897308471,0.39052533610247564,-0.2881994063568142,0.8743174846917042,0.3889680841194314,-0.1602466684539461,-0.9565158337618124,-0.2437180030534395,0.21958217565994634,0.0,0.0,0.0,1.0
1735100630.195186,0.907865116162788,-0.05890917729030953,-0.4151031675206857,0.4758857524684902,0.38337058671928076,-0.28417056632618043,0.8787912621734313,0.3913500136674874,-0.1697289724626942,-0.9569622761973624,-0.23540449834682708,0.22212942218186843,0.0,0.0,0.0,1.0
1735100630.2953086,0.9130954188078833,-0.06584395050692723,-0.40239449590383025,0.5193519193621916,0.3717268063850091,-0.2711218176088807,0.8878694394060755,0.3862044648504151,-0.1675587585501226,-0.9602903384904475,-0.22308412815582263,0.22540542616174644,0.0,0.0,0.0,1.0
1735100630.395123,0.9189983810471474,-0.06269151272885545,-0.38924510255684724,0.557920562098129,0.36104415610157614,-0.26282244959705325,0.8947465995088808,0.38238000319646276,-0.15839536917985791,-0.9628053459654098,-0.2188990013746166,0.2267960216838405,0.0,0.0,0.0,1.0
1735100630.4952466,0.921914747004017,-0.06020162064409007,-0.38268650894478184,0.5966201052685638,0.35593527376642986,-0.2583018344182794,0.898103692913557,0.3721771085709742,-0.1529159250874027,-0.9641866661637554,-0.21670439000326452,0.22826845338994298,0.0,0.0,0.0,1.0
1735100630.595241,0.9241865324925131,-0.05883247076922091,-0.37738308592550096,0.6329942410440073,0.34978477308507794,-0.26645270475308874,0.8981389472946734,0.36363429715957446,-0.15339447733632972,-0.9620507764733378,-0.22567329884096204,0.23062947233266842,0.0,0.0,0.0,1.0
1735100630.6952899,0.9302138499981374,-0.0600145202857435,-0.3620779620834654,0.6698909005160281,0.3334913390239493,-0.27372259300562024,0.9021416013433219,0.35414361993112625,-0.15325051408610874,-0.9599344766353337,-0.23460622434025874,0.2380278556869184,0.0,0.0,0.0,1.0
1735100630.7953136,0.935578996443597,-0.06224612551988279,-0.34758791876495776,0.7074602228501227,0.3188592488226409,-0.27402666776021367,0.9073247295188721,0.3474174307018874,-0.1517258081337946,-0.9597055825689441,-0.23652584199649396,0.25001944712738927,0.0,0.0,0.0,1.0
1735100630.9960458,0.9494897584304236,-0.06592036398730602,-0.30679586738989356,0.770814178931618,0.27866172199609585,-0.2723999563384743,0.9209483744928205,0.3587740782694319,-0.1442804329419159,-0.9599233143322329,-0.2402714865969638,0.2625558831339061,0.0,0.0,0.0,1.0
1735100631.0954082,0.9618608330989615,-0.056403868888273936,-0.2676608699914991,0.8372931950741183,0.24209869979396076,-0.2799343706748694,0.9289913711509588,0.3451132068131868,-0.12732618469209483,-0.95836076280767,-0.25560260366916326,0.27255892715675595,0.0,0.0,0.0,1.0
1735100631.1955051,0.9702884604519508,-0.06465314500932047,-0.2331528990902475,0.8685379941087109,0.20786749124323767,-0.270395301388984,0.9400412156235508,0.3531906490411851,-0.12382006944767017,-0.9605760520787329,-0.24892215364408582,0.28176270850132373,0.0,0.0,0.0,1.0
1735100631.2951634,0.9710977663034674,-0.08902533056295278,-0.22145793911841022,0.9081307532424042,0.19166680105336745,-0.262084471393725,0.9458200501301719,0.35884688079361954,-0.14224262952569938,-0.9609298727651405,-0.23744644443155166,0.29494283248493225,0.0,0.0,0.0,1.0
1735100631.3947403,0.9773357248150768,-0.08675041379373917,-0.19310423793071874,0.9448877604235765,0.16418792022718115,-0.2651827151430496,0.950116021568331,0.36188401964477324,-0.13363086414321135,-0.9602877138108014,-0.24492917109312085,0.3110690156157383,0.0,0.0,0.0,1.0
1735100631.4947243,0.9844764771253527,-0.07095003445967821,-0.16053709414657238,0.9687968401627697,0.1357718579914465,-0.27179807259692973,0.9527286131475977,0.37082763981417627,-0.1112298007028937,-0.9597353282768978,-0.2579457909965385,0.32347221550270283,0.0,0.0,0.0,1.0
1735100631.5951693,0.9857606064593349,-0.06760033124853759,-0.15396824986994118,0.9838141058542362,0.13165987157574485,-0.25929962969507964,0.9567807378164829,0.37674520451642635,-0.10460260498468966,-0.9634282003632045,-0.2467071092922422,0.3352576686721949,0.0,0.0,0.0,1.0
1735100631.6953359,0.9848921157996593,-0.07248511279580637,-0.15726865122665082,0.9863819161959235,0.13629474048473433,-0.2357616364211199,0.9622059002667958,0.38006729681283374,-0.10682351778456664,-0.969103894954001,-0.2223204372816756,0.34544221824110927,0.0,0.0,0.0,1.0
1735100631.7951512,0.9839758150235425,-0.07840067298385424,-0.16014034446208025,0.9747372943171826,0.13916519591181253,-0.22378161349678044,0.9646527031567393,0.38238904203862306,-0.11146588579283707,-0.9714808922137668,-0.20928505051236196,0.34935415714243895,0.0,0.0,0.0,1.0
1735100631.8951743,0.9840518071105868,-0.0795439267443365,-0.15910626838839492,0.9495019524821383,0.1383410304792584,-0.22004375601903875,0.9656306254065115,0.38474274351097987,-0.11182039263177906,-0.9722414870571638,-0.20553026695975812,0.3496403008475441,0.0,0.0,0.0,1.0
1735100631.9980297,0.9841218868993284,-0.07551588546850752,-0.160628337374241,0.9057212999072969,0.13994049484504836,-0.22656829486949742,0.9638897580441717,0.3865254892424868,-0.10918227707933521,-0.9710634164676559,-0.21240308747740838,0.3442902352752292,0.0,0.0,0.0,1.0
1735100632.0954328,0.9837988419750705,-0.07359292827922424,-0.1634745222834412,0.8506695121837283,0.14114203486234378,-0.24429054033954362,0.9593753477630802,0.38557729538333596,-0.11053852054115477,-0.9669054828719832,-0.22994569504269896,0.3329841483964401,0.0,0.0,0.0,1.0
1735100632.195242,0.9798688484414457,-0.08707409307703173,-0.1796528379092509,0.7851067919528862,0.15036191787507058,-0.2700971333312016,0.9510198905486666,0.3834352896488829,-0.1313329109818468,-0.9588877102565658,-0.2515671393722851,0.32468787001273464,0.0,0.0,0.0,1.0
1735100632.2947068,0.9719143586712892,-0.1106150882667135,-0.20771803401805122,0.714601396181109,0.16951290540090994,-0.28319761516671627,0.9439621208853812,0.3781083913006965,-0.16324170518320147,-0.9526612267808698,-0.2564931435287289,0.3194607973071394,0.0,0.0,0.0,1.0
1735100632.3944848,0.9617253072046124,-0.13158070720453865,-0.24035588400067961,0.641673855488785,0.19293069173582475,-0.2977265335231352,0.9349527578560503,0.3689813475479443,-0.19458206923694396,-0.9455397552339359,-0.2609451850554408,0.31659920794416063,0.0,0.0,0.0,1.0
1735100632.4950945,0.9563600605751097,-0.1273046671297457,-0.2629999168512368,0.5708372755774163,0.20980427682476832,-0.32728003647800225,0.9213413825227833,0.3623610473525725,-0.20336568039570696,-0.9363126077597922,-0.2862884918875522,0.3129449383261294,0.0,0.0,0.0,1.0
1735100632.5950992,0.9505363278029204,-0.11698525020892932,-0.28774144776255856,0.5064992452124045,0.22991406299533457,-0.35789495387642933,0.9050142129418552,0.36396128997683325,-0.20885452631895807,-0.926404691926451,-0.31329560101083587,0.31440962401759937,0.0,0.0,0.0,1.0
1735100632.6951323,0.9528495151945992,-0.09849878979500437,-0.28701182868017294,0.4433946882910603,0.2313896736821024,-0.37604716785124037,0.897244307011391,0.3681532158138949,-0.1963074637060638,-0.9213503763281267,-0.33552475874860843,0.3183611467367973,0.0,0.0,0.0,1.0
1735100632.7951071,0.9540571646140013,-0.06565703330067911,-0.29234240305991577,0.3876029274345556,0.24225831820844568,-0.4051042444258773,0.8815903007672865,0.3801026425985986,-0.17631175204026592,-0.9119099216075526,-0.37058664434407135,0.3226944419882685,0.0,0.0,0.0,1.0
1735100632.8952353,0.947982229643693,-0.050156366050356935,-0.3143469917533729,0.3405169912717599,0.26478598196429165,-0.4238734000319728,0.8661522524940641,0.3987403707228353,-0.17668637761575817,-0.9043316204191678,-0.38854374821255844,0.3373404185007759,0.0,0.0,0.0,1.0
1735100632.9952,0.9398660690114078,-0.022458666337750982,-0.34080402084977457,0.30624219991686014,0.3003285111351185,-0.42084153792631845,0.8559761593380825,0.41703875700943965,-0.16264857122153575,-0.9068561122152404,-0.38878970410422703,0.36057083202940376,0.0,0.0,0.0,1.0
1735100633.0952117,0.9309988602828037,-0.024119390869247997,-0.36422435000452336,0.27905032181937484,0.3236229589106069,-0.40701539057105857,0.8541701541872279,0.4285514938280414,-0.16884697989026864,-0.9131028018916519,-0.3711252760989883,0.3907689099929814,0.0,0.0,0.0,1.0
1735100633.1951232,0.9276008960720141,-0.01944587628329847,-0.3730662615434039,0.27017040724532676,0.33633357038297024,-0.39117447502856934,0.8566576092696352,0.4461390299866631,-0.1625924568971155,-0.9201110737197429,-0.35631349255741324,0.41663309907190016,0.0,0.0,0.0,1.0
1735100633.2951674,0.9255503680919106,-0.015379654442549795,-0.378312017195009,0.2732119245297027,0.3447591823014025,-0.3788094231955861,0.8588623446845811,0.4654508716535846,-0.15651716309656688,-0.9253469009660407,-0.34530492398566737,0.43316439518147576,0.0,0.0,0.0,1.0
1735100633.3951933,0.9302912020378091,-0.04028226438784416,-0.3646033716065124,0.29605643993679265,0.32351993251718586,-0.37838558894298324,0.867271122166735,0.4812014644347059,-0.17289630613499024,-0.9247711529108485,-0.3389766689151572,0.4420390127397467,0.0,0.0,0.0,1.0
1735100633.4951386,0.9421579198919795,-0.050604581215396655,-0.33132707457259364,0.3350061084503363,0.2880543774276849,-0.3831404887026423,0.8776263678590392,0.5008102202640091,-0.17135673208125662,-0.92230284737537,-0.34640197472548795,0.4454937859784684,0.0,0.0,0.0,1.0
1735100633.5952191,0.9608813204015352,-0.029829111735516653,-0.27534943652833666,0.3822729878137018,0.24582960676845966,-0.36608287523548994,0.8975250040502388,0.5138981515471378,-0.12757308705000014,-0.9301040546908647,-0.34442931772447355,0.43886311688279733,0.0,0.0,0.0,1.0
1735100633.695178,0.979562414091199,-0.013919034104485237,-0.200658260207301,0.4322551906764075,0.18335316805891583,-0.348372156071895,0.9192488545745262,0.5178154889577559,-0.08269880689938458,-0.9372529548437912,-0.33870017120456397,0.42471686055193775,0.0,0.0,0.0,1.0
1735100633.8952029,0.9990636701870965,-0.028029461448728914,-0.032956519888832185,0.548901590689839,0.021683973096957493,-0.3347601454874782,0.9420538468176506,0.530298225602178,-0.03743779137474853,-0.9418864020061534,-0.3338389094951097,0.3980851885576017,0.0,0.0,0.0,1.0
1735100633.9951036,0.9978539528145255,-0.033025463416901546,0.05654031852161562,0.6425308724031338,-0.06452005581306264,-0.34868298411049625,0.9350172934174421,0.5140285361082791,-0.011164732433253124,-0.9366586866932365,-0.35006549871673365,0.3889917317587782,0.0,0.0,0.0,1.0
1735100634.0975723,0.991003232362978,-0.023747803807809498,0.13171421814077316,0.6994020888012737,-0.13157653116412368,-0.35301601731040216,0.9263192257365268,0.516125831027528,0.024499181475016223,-0.9353158468328268,-0.3529646678783111,0.38211579577773713,0.0,0.0,0.0,1.0
1735100634.19523,0.9799441775235216,-0.020795988946894092,0.19818409568244716,0.7532515374128512,-0.1926155350474013,-0.353759091127382,0.9152888948868176,0.5095874882865465,0.051075087823243465,-0.9351053589240355,-0.35066979213413685,0.38742591298090295,0.0,0.0,0.0,1.0
1735100634.2951534,0.9693899571640208,-0.032204748962481794,0.24340494056982842,0.7999120908418629,-0.2397907966697925,-0.3372048540391617,0.9103808325337776,0.5072902657394458,0.05275874128525433,-0.9408803008654668,-0.3346054014227871,0.4065522426033459,0.0,0.0,0.0,1.0
1735100634.4952207,0.9644524407226629,-0.02244069259733311,0.2633019272619379,0.8316332979639526,-0.26208621426805423,-0.20866531252036652,0.9422152639611703,0.5291666298459838,0.033798015840259404,-0.9777296163390625,-0.2071291661228129,0.4915199503023411,0.0,0.0,0.0,1.0
1735100634.5952687,0.9644796405625398,-0.011847437999589566,0.2638913813545267,0.8398988448722577,-0.26326126274688866,-0.125318373181811,0.9565504758662651,0.497902788426063,0.02173776615174669,-0.992045837426835,-0.12398599101036262,0.5611412145361763,0.0,0.0,0.0,1.0
1735100634.69512,0.9643007588280803,0.002060410169045901,0.26480143737057754,0.8337713354496481,-0.26453493362937686,-0.03802554586536122,0.9636261343235468,0.5074015248251996,0.012054684288267115,-0.9992746432145552,-0.036123012265501964,0.6171975844054566,0.0,0.0,0.0,1.0
1735100634.7951658,0.9672120904031196,0.0011023073218340007,0.2539676300172834,0.825517467054188,-0.2538029376115881,0.04046263486197571,0.9664092528736232,0.5113701555763986,-0.009210919484819988,-0.9991804442134538,0.03941571848450193,0.6647822461853174,0.0,0.0,0.0,1.0
1735100634.8952143,0.966746401921553,-0.028703242776707077,0.2541210700155202,0.8171132469813859,-0.2515962571393815,0.07134094133191188,0.9651993542700552,0.5206455795493853,-0.04583358774071418,-0.9970389129537416,0.061746969891939896,0.6907158374244604,0.0,0.0,0.0,1.0
1735100634.9954114,0.9673100488599564,-0.04481534017943939,0.24960539789665992,0.7958104203287036,-0.24653213288772652,0.06452101790095588,0.9669844599076309,0.5424466453061862,-0.05944053186485755,-0.9969095362838223,0.051363407577741604,0.6976767141369918,0.0,0.0,0.0,1.0
1735100635.0950804,0.9677682262505038,-0.055968852233070784,0.2455445944012338,0.755268485580463,-0.24113122463770092,0.0753961751088052,0.9675593776527025,0.5533858398788339,-0.072666311071062,-0.9955816914541342,0.059470184770593904,0.688977553592065,0.0,0.0,0.0,1.0
1735100635.195192,0.969967897865124,-0.05552685032871163,0.23681014759440805,0.7013880803203296,-0.2308472172655835,0.09656508269401726,0.9681863183731911,0.5546822549920459,-0.07662792827585097,-0.9937766115666391,0.0808468113859821,0.6782607094795069,0.0,0.0,0.0,1.0
1735100635.2951343,0.9760057368193976,-0.047552673276040236,0.21248892902908414,0.6279914720820766,-0.20730559259614456,0.09560637780783199,0.9735932476146429,0.5572180791498431,-0.06661225843631427,-0.9942827383530142,0.08345443810394637,0.664573786218092,0.0,0.0,0.0,1.0
1735100635.3958688,0.9852785646023499,-0.06249012513276172,0.1591261587421277,0.5434210144404845,-0.15438841533780573,0.0744942479870972,0.9851978604454631,0.556652969631274,-0.07341912111033636,-0.9952615692760013,0.06374983433435039,0.6489602225146991,0.0,0.0,0.0,1.0
1735100635.4950864,0.9914494793542137,-0.09241887068277924,0.09212319051128312,0.4624799263320552,-0.08742198947057153,0.0536966178602854,0.9947231117187202,0.5491543208681267,-0.0968778903840588,-0.9942713038060015,0.04515804228095005,0.6365994103805674,0.0,0.0,0.0,1.0
1735100635.5951955,0.9920042758123346,-0.12408952257761634,0.023006676346339378,0.38619079264455763,-0.019589334175518433,0.028689660063665634,0.9993963985286276,0.537729081794856,-0.12467467568277782,-0.9918561860430628,0.026029434329305212,0.6291242333224832,0.0,0.0,0.0,1.0
1735100635.6950505,0.9881734406072615,-0.14505935309672222,-0.04970950972970157,0.3123671006685503,0.04975004978224714,-0.003350333598527211,0.9987560802375336,0.5244867964048187,-0.14504545434128835,-0.9894172827194495,0.0039059993587037822,0.6270143399832618,0.0,0.0,0.0,1.0
1735100635.7951155,0.9832322141893783,-0.145281734240319,-0.11021629043103287,0.2511142050005127,0.10888937745424485,-0.017078646873866787,0.9939071502401946,0.5083166707844341,-0.14627889956476792,-0.989242911279673,-0.0009726381842491416,0.6357646146504621,0.0,0.0,0.0,1.0
1735100635.9958975,0.9716448446606756,-0.11973596416704083,-0.20388622986685828,0.15007990374604946,0.19481333295133083,-0.08325599780397219,0.977300467683332,0.5052012008812637,-0.13399276528501897,-0.9893087170922202,-0.057569098799787666,0.6857728471775304,0.0,0.0,0.0,1.0
1735100636.0951633,0.9725176535273867,-0.08989558973331489,-0.2147747576510921,0.1325364722000102,0.20282862529645657,-0.12583779999333505,0.9710949473935013,0.48919634820177965,-0.11432393597989632,-0.9879694484341797,-0.10414608308874412,0.722129591666306,0.0,0.0,0.0,1.0
1735100636.196258,0.9679615477201188,-0.09874741871018194,-0.23086660527964664,0.1143247602398079,0.21412215946083596,-0.1556399614032774,0.964327694947218,0.501906484382379,-0.1311569402018074,-0.9828657841803542,-0.1295094873916084,0.7634093644546531,0.0,0.0,0.0,1.0
1735100636.2951167,0.9567561912155951,-0.1267590115457261,-0.26182005951144716,0.1211848688436753,0.2390367545277371,-0.1703145598931684,0.955957311114488,0.5075727101357888,-0.16576797204367805,-0.9772026932424748,-0.13264944690491404,0.8015796862241267,0.0,0.0,0.0,1.0
1735100636.395156,0.9575666797622522,-0.10342783644336884,-0.2690143796486354,0.14011948172549968,0.24873622609987894,-0.1749343665121353,0.9526427752513467,0.5159252513548102,-0.14558964123414236,-0.9791326008573311,-0.14178507080673924,0.8238029252530009,0.0,0.0,0.0,1.0
1735100636.4951906,0.9614370694990568,-0.04988646886126656,-0.2704627545848397,0.16543981182289644,0.25892566384656335,-0.16734090113473882,0.9512909772561862,0.5346207412411317,-0.09271602879050535,-0.9846361576907314,-0.14797085852745034,0.8234986880347415,0.0,0.0,0.0,1.0
1735100636.5950925,0.9645150509867995,-0.008941026640941194,-0.26387643786920084,0.20817528089556078,0.2585094466315276,-0.1712875571858783,0.9507015508326241,0.5567869532397736,-0.05369899833510515,-0.9851805067072231,-0.16289808710327414,0.8083994080593331,0.0,0.0,0.0,1.0
1735100636.6954942,0.973947996907392,0.01567362860423338,-0.22622916851382258,0.2718556246211467,0.22471189250731494,-0.20085162152744662,0.9535004937049464,0.5817962123330443,-0.030493682720522733,-0.9794962804912392,-0.19914108520837226,0.7914277924979883,0.0,0.0,0.0,1.0
1735100636.7952034,0.9863753107196591,0.021738824748070887,-0.1630679916515459,0.35539983979859874,0.16367466061936214,-0.22948061000419434,0.9594525809560573,0.6069695954835338,-0.016563570684867593,-0.9730704358527577,-0.2299121027599284,0.7775773959294137,0.0,0.0,0.0,1.0
1735100636.89289,0.9968608668727543,0.0097003868331609,-0.07857680696610173,0.451185294353822,0.07840208081122357,-0.2591348472510142,0.9626537511819419,0.627684688040073,-0.01102387509777495,-0.9657924380711834,-0.25908191897997845,0.7647529374416172,0.0,0.0,0.0,1.0
1735100636.9951031,0.9991901124786935,-0.008481341575501813,0.039334284916534165,0.5581827562054299,-0.04014720649490343,-0.27586239017073194,0.960358341193508,0.6447580938247645,0.002705722726187229,-0.9611597206158665,-0.2759794748349204,0.7565391021474704,0.0,0.0,0.0,1.0
1735100637.0951982,0.9854302301904443,-0.014819745167512596,0.16943328061505045,0.6564060769143678,-0.16728005147663738,-0.2644728695996447,0.9497744393400485,0.6553674341915636,0.0307350907723076,-0.9642792522910051,-0.2630986085031974,0.7596584412900903,0.0,0.0,0.0,1.0
1735100637.1952407,0.9577139777252915,-0.031079174018531164,0.2860384970802456,0.7344475093160077,-0.28360126825008963,-0.2696195274566179,0.9202584588369785,0.6592174219971266,0.04852069163295723,-0.9624652696884163,-0.2670324832807117,0.7727113180819593,0.0,0.0,0.0,1.0
1735100637.2951899,0.9393334516566046,-0.059263459749731184,0.3378468720254514,0.789759825476402,-0.3402616969507833,-0.28532757291742394,0.8959967375617088,0.6640639871959075,0.04329716142038678,-0.9565960581517909,-0.2881828193029433,0.7962429683654038,0.0,0.0,0.0,1.0
1735100637.3951,0.9265056494200958,-0.0901295895404422,0.36532716663549414,0.817841404926664,-0.3757986045643442,-0.27077804014363177,0.8862588006804025,0.6603267747399792,0.01904443226085581,-0.9584132251097358,-0.2847479579112316,0.8331232410251954,0.0,0.0,0.0,1.0
1735100637.4950657,0.9094599065353292,-0.11483809917717436,0.39961842973281936,0.8230134520505705,-0.4155241383783662,-0.2854926523577975,0.8636166023616189,0.6555867511623598,0.01491203640242278,-0.9514757781610016,-0.30736212314345035,0.8695998857760963,0.0,0.0,0.0,1.0
1735100637.5951285,0.8952761836594296,-0.13344943201835002,0.42505506004068105,0.8059397884719318,-0.44514399796939885,-0.3066997004246647,0.8412978752090372,0.6559006615854373,0.01809353597357405,-0.9424046598215656,-0.333985151021078,0.8996624610594769,0.0,0.0,0.0,1.0
1735100637.6950886,0.8953085299990036,-0.1603619450424818,0.41557993538333327,0.7674637288738655,-0.44526557369839326,-0.2955903976028644,0.8452010918852517,0.6564930812933902,-0.012696652711016138,-0.9417591854753384,-0.3360482578183723,0.9156840357605046,0.0,0.0,0.0,1.0
1735100637.7952182,0.9114885416815937,-0.1735975305493394,0.3728974869455851,0.6996380616411253,-0.4089378172260126,-0.28491604015306143,0.8669444686402489,0.6544269579464317,-0.044254943515792344,-0.9427018338004177,-0.3306883011594814,0.9185394690022912,0.0,0.0,0.0,1.0
1735100637.8950102,0.9376227302858077,-0.17141994539356376,0.30245465440732683,0.6131547939587436,-0.342062253850702,-0.2994679305569109,0.8906808480362309,0.6562445937844676,-0.06210499289079589,-0.9385809293232146,-0.3394242315580981,0.9103988002968676,0.0,0.0,0.0,1.0
1735100637.995111,0.9662048257233278,-0.13749537171894885,0.21804416411548824,0.514208062494042,-0.2534018626493967,-0.35146473922395627,0.9012546993431175,0.658886284698277,-0.0472835146194758,-0.9260494370378424,-0.37442851040903036,0.8984732504106311,0.0,0.0,0.0,1.0
