1741328534.1111772,0.9998398865911767,0.0003593381066733863,0.017890557774090547,0.003729203793857155,-0.0004377992262827684,0.9999903036266387,0.00438189280341273,0.00020367233537513525,-0.0178888097194991,-0.004389023675970141,0.9998303490882798,-0.0017803421837797064,0.0,0.0,0.0,1.0
1741328534.2116425,0.9998447890564718,0.0005178518005843938,0.017610497611709262,0.004091920125118393,-0.0005957192098310205,0.9999900689394288,0.00441668893398409,-0.0012236968105910299,-0.017608035530473708,-0.004426494327249354,0.9998351680315752,-0.001589935485996426,0.0,0.0,0.0,1.0
1741328534.4111278,0.9998384783867146,0.0008421082222215431,0.017952938229756233,0.0024086575180183516,-0.0009190258889058835,0.9999904330569304,0.004276585791081193,-0.002082959432765998,-0.017949165126960553,-0.004292394245059937,0.9998296869081704,-0.0010676791184405603,0.0,0.0,0.0,1.0
1741328534.5118108,0.9998361872067808,0.0007564049645965292,0.018083876889007713,0.00206085901227156,-0.0008596541700141738,0.9999833718461534,0.005702370200698271,-0.0013829230747835891,-0.018079262886390883,-0.0057169819596853836,0.9998202120235206,-0.0028885350287994665,0.0,0.0,0.0,1.0
1741328534.6122193,0.9998366180175693,0.000652952188908932,0.018064078294464426,-0.00045644779241595253,-0.0007522779872174274,0.9999846343672616,0.005492277050943593,-0.000266254085258402,-0.018060214534149088,-0.005504968920291248,0.9998217460968567,-0.0029286673283518065,0.0,0.0,0.0,1.0
1741328534.7123833,0.9998443048486523,0.00041082608647137524,0.017640784666280784,0.0019805980045752565,-0.00048634447814696803,0.9999907360932303,0.004276820871649502,0.0011097549500461066,-0.017638864214115053,-0.0042847344895892295,0.9998352421872265,-0.006048965543742784,0.0,0.0,0.0,1.0
1741328534.812594,0.9998355952882718,0.00023540817324132726,0.01813082947741735,0.0033772248480637528,-0.0003130251983590378,0.9999907993700882,0.004278222808300332,-0.0018901028686132326,-0.01812965553374931,-0.004283194854806406,0.9998264698596769,-0.004895741987136199,0.0,0.0,0.0,1.0
1741328534.911369,0.9998353467768708,5.651871647846253e-05,0.018145967629459463,0.006149364825249357,-0.00013144551418622054,0.9999914713414038,0.004127949434198887,0.004007438801182208,-0.018145579562292943,-0.0041296549600650925,0.9998268269516773,-0.0019090240749245382,0.0,0.0,0.0,1.0
1741328535.0125475,0.9998358158666933,0.0004958397661289998,0.018113405342739607,0.007369863510407111,-0.0005741701659951272,0.9999905060830961,0.004319499079059227,0.004847506738298661,-0.018111091596161276,-0.00432919006279899,0.9998266082049406,-0.0010611915998999647,0.0,0.0,0.0,1.0
1741328535.112591,0.9998390840523197,-0.0004741839524421553,0.01793268387603533,0.010824163154714312,0.00038823313925773054,0.9999884230552026,0.004796147474692626,0.0016873389833303532,-0.017934750526510067,-0.004788413635920011,0.9998276930643617,0.0008791587083923541,0.0,0.0,0.0,1.0
1741328535.2125373,0.9998384682899806,0.00040951819275973075,0.017968573187528588,0.006403855312704063,-0.0004896441671394328,0.999989956313214,0.004455055699586939,0.004273537911004089,-0.01796656829044876,-0.004463134273874643,0.9998286267437627,0.0003752449919351837,0.0,0.0,0.0,1.0
1741328535.3125613,0.9998402641389301,0.0005449100436175851,0.017864749638294836,0.0029489710692424793,-0.0006185350152003393,0.9999913380385069,0.004115976480951836,0.007340787208093415,-0.017862352057597623,-0.00412636898509358,0.999831940607005,-0.005075599050390055,0.0,0.0,0.0,1.0
1741328535.4115844,0.9998518722755907,0.0002784454287309398,0.01720918287250806,0.0067666388483641005,-0.00035101615679384185,0.9999910590332618,0.0042141002827935405,0.0017030861227305318,-0.017207855608816446,-0.004219516758941687,0.9998430303721016,-0.005753437518803327,0.0,0.0,0.0,1.0
1741328535.5126805,0.9998495660519275,0.0001628499332851055,0.017344127123373108,0.008203885360892988,-0.0002448088548320988,0.9999888145367409,0.004723438369289965,-0.0020794422089545047,-0.017343163909653087,-0.00472697379970673,0.9998384221384473,-0.002673549063854799,0.0,0.0,0.0,1.0
1741328535.6107285,0.999838008448517,-0.00022091395112316736,0.017997445894618675,0.005673718580227083,0.00013205461439198796,0.9999877974610875,0.0049383692148526085,0.0015064231950164854,-0.017998317234740175,-0.0049351925949840435,0.9998258370590192,-0.004987720542643239,0.0,0.0,0.0,1.0
1741328535.711647,0.9998388147328948,7.567133231585672e-05,0.017953797018170434,0.004852004743904544,-0.00016327915388716967,0.9999880881291837,0.004878210702492447,0.002211275108421874,-0.017953214014156515,-0.004880355887583558,0.9998269171376477,-0.0018396889112608278,0.0,0.0,0.0,1.0
1741328535.8125732,0.999834360385961,-0.000528050559085023,0.01819266209777232,0.010199806199836155,0.0004518312900697509,0.9999911055127897,0.00419341672080896,-0.0019521827508311867,-0.018194714619415863,-0.004184502110896381,0.9998257059617952,-0.002203130205136578,0.0,0.0,0.0,1.0
1741328535.9114535,0.9998398896526242,-0.0005182826716348822,0.017886487707223953,0.0033822021689589176,0.00042994679120980346,0.9999876948979588,0.004942185591769906,0.0001429301751618929,-0.017888829061319778,-0.004933704058722278,0.9998278093547287,-0.003951671638907421,0.0,0.0,0.0,1.0
1741328536.011181,0.9998459889316329,0.0004155785303563665,0.017544962576491532,0.0030335845771353818,-0.00048431491557584296,0.9999922243201003,0.003913660486203143,0.006409060750007126,-0.01754319971920551,-0.003921555026239452,0.9998384157201545,-0.0016769364364793496,0.0,0.0,0.0,1.0
1741328536.1108582,0.9998386033121748,0.00038583290021450853,0.01796158288495053,-0.003024153068871427,-0.00046122074652168684,0.9999911020578314,0.004193218404390851,0.0032515346487037725,-0.01795980518220656,-0.004200825887495962,0.9998298847602427,-0.004720292844647198,0.0,0.0,0.0,1.0
1741328536.2124307,0.9998411863701444,0.0009615787520658436,0.017795432117425836,-0.0010449769187908648,-0.001038201451240857,0.9999902288580685,0.004297013629784587,0.0033664930833624423,-0.017791126318729148,-0.004314806448902271,0.9998324150924592,-0.00438741523955117,0.0,0.0,0.0,1.0
1741328536.311547,0.9998481130893717,0.0007091341323673757,0.017414013908500607,0.006957610130633864,-0.0007827438456838942,0.999990786936926,0.004220586847791372,0.0038443257429214123,-0.017410860509899706,-0.0042335765081095555,0.9998394564960191,-0.002771008213602775,0.0,0.0,0.0,1.0
1741328536.4114885,0.9998445638626081,0.00047085760852806304,0.0176245966621527,0.008226154112851027,-0.0005381643545367743,0.9999925804838289,0.0038143618628257285,0.0028444109007836537,-0.017622669874867963,-0.003823253902837814,0.9998373988984789,-0.0005267081875023795,0.0,0.0,0.0,1.0
1741328536.5120835,0.9998362339367622,0.000573050025986903,0.018088032530370734,0.004380640634039272,-0.000654090312987616,0.9999897744344876,0.0044747281844962974,-0.000607103578244166,-0.018085283326906693,-0.004485826582736583,0.9998263848723213,-0.0034616367597639693,0.0,0.0,0.0,1.0
1741328536.6107578,0.999836675778231,0.0010914331342054906,0.018039693524293784,0.005060550113377713,-0.0011737387284723273,0.9999889484160116,0.004552513946913867,0.000656380778613837,-0.01803452539254008,-0.004572944298055629,0.999826907056573,-0.0017258576865007823,0.0,0.0,0.0,1.0
1741328536.7106476,0.9998331791320235,0.0009898982109349964,0.018238256722692994,0.0055715681198373725,-0.0010614961317479696,0.9999917673381677,0.0039164373925751625,0.007541044508173252,-0.018234229698924836,-0.003935143888050922,0.9998259986166929,-0.0014308297429327865,0.0,0.0,0.0,1.0
1741328536.8108287,0.9998424264100794,0.0006519916205363631,0.017739708490610243,0.005099535768616105,-0.0007332086654131981,0.9999892788949635,0.0045721439373619345,0.0033176950337515565,-0.01773653730179715,-0.00458443039621531,0.9998321850403118,-0.003809161122695401,0.0,0.0,0.0,1.0
1741328536.9124172,0.9998337288288314,-0.00024389458507250494,0.018233354372311994,0.008204966804229502,0.00015994593438558286,0.9999893821044205,0.004605441967663109,5.7282842355059225e-05,-0.018234284014816984,-0.004601759864531334,0.999823151708649,-0.0030406430707885608,0.0,0.0,0.0,1.0
1741328537.0114975,0.9998482337684815,0.0002345406821511049,0.017419943189248555,0.008366966072170972,-0.0003113907742166046,0.9999902316790853,0.004409034156737176,0.003410410500979451,-0.017418738927774416,-0.004413789423835081,0.9998385399638725,-0.0033499128435213197,0.0,0.0,0.0,1.0
1741328537.1113741,0.999841031527366,-7.309496537888839e-05,0.01782992797009155,0.007810468551687765,-5.595642683030956e-07,0.9999914677572137,0.004130909398718404,0.0003776534017030391,-0.01783007778949673,-0.004130262691351298,0.9998325006000359,-0.0046054052489958655,0.0,0.0,0.0,1.0
1741328537.2125509,0.999842244169581,-0.00011517440916959673,0.017761573939035477,0.007450510009301653,4.113712000769236e-05,0.9999913100617059,0.004168705891609981,0.001879611236129541,-0.017761899720292004,-0.004167317593951622,0.9998335603401187,-0.0054658343950263625,0.0,0.0,0.0,1.0
1741328537.312442,0.9998285724800803,-0.00021670126044386382,0.018514283486237744,0.010440276514362563,0.00013906048331610013,0.9999911923474096,0.0041947454974343825,0.0023765324443199318,-0.01851502942549737,-0.004191451797407215,0.9998197964719459,-0.0038401327337031594,0.0,0.0,0.0,1.0
1741328537.4124618,0.9998394910854471,0.00041831060915170176,0.017911367402534628,0.01015455823397774,-0.0004908718108219067,0.999991690703266,0.004046920964023454,0.0062949807142954,-0.017909525701694316,-0.004055063582483415,0.9998313884593154,-0.0036826925695507733,0.0,0.0,0.0,1.0
1741328537.5126855,0.9998345329851064,-0.00031204154116280683,0.01818816319838266,0.009281109745300107,0.00023818477381146055,0.9999917187124813,0.004062729928424692,0.0013627295777383797,-0.01818928031748197,-0.0040577255370936646,0.9998263273914114,-0.0036156924200428193,0.0,0.0,0.0,1.0
1741328537.6108735,0.9998387168002711,0.00010147132356554245,0.01795912277249749,0.008445256153329327,-0.00019089253114898524,0.9999875939097281,0.004977508078763673,-0.0031660557538814287,-0.017958394895666363,-0.004980133552737312,0.999826332081011,-0.005691500927724377,0.0,0.0,0.0,1.0
1741328537.7108428,0.9998415509014841,0.0003641961279835223,0.017797203490866952,0.006713584079198093,-0.00044476181686327717,0.9999896717096705,0.004523125126679326,0.0024766753437684154,-0.017795372371524728,-0.004530323958140212,0.9998313862281945,0.000326614624998639,0.0,0.0,0.0,1.0
1741328537.8119693,0.9998391567119446,0.0007156192720125465,0.01792061925842166,0.00416934505482363,-0.0007995933697379163,0.9999887329647628,0.004679165948287287,0.004539128237743663,-0.017917068844843464,-0.004692742544191439,0.9998284636933594,-0.004116181536239981,0.0,0.0,0.0,1.0
1741328537.911382,0.9998429586492404,0.00012843595733557904,0.017721217332291546,0.007146836282263069,-0.0002027168418859886,0.9999912017711423,0.004189902885361372,0.004017603576533953,-0.017720523282777595,-0.00419283728656468,0.9998341878382001,-0.0049616798315258465,0.0,0.0,0.0,1.0
1741328538.0123463,0.9998405849701637,0.00019555055634539606,0.017854030539374594,0.009254415247402874,-0.0002714773225794232,0.999990930518105,0.004250315470415721,0.0020111027205978594,-0.01785303746101298,-0.004254484870656272,0.9998315700216218,-0.0009421219989267175,0.0,0.0,0.0,1.0
1741328538.1127975,0.9998329785021639,9.146583994642943e-05,0.018275851101703763,0.00547040045563939,-0.0001730248705972447,0.9999900341177413,0.004461135235882727,-0.00029199762681308115,-0.01827526092524204,-0.0044635523071655065,0.9998230301102868,-0.00420669333058798,0.0,0.0,0.0,1.0
1741328538.2123637,0.9998470061102966,0.0002160004920988545,0.017490503596631634,0.00607713288170306,-0.00029759725725857575,0.9999890851071473,0.004662735510697439,0.0009185626867206986,-0.0174893055364941,-0.004667227266553428,0.9998361571685099,-0.0029590325415367446,0.0,0.0,0.0,1.0
1741328538.3112886,0.9998366261580511,0.0004436066748509861,0.018069980796990594,0.004711113193694721,-0.000536979589406457,0.999986528636581,0.0051627704075463245,0.00282237875546849,-0.01806744713029879,-0.005171630156778693,0.9998233952032306,0.0016723507973193238,0.0,0.0,0.0,1.0
1741328538.410725,0.999838246811301,3.0940329999956755e-05,0.01798552907200429,0.003978507419985023,-0.00011317449375601265,0.9999895454207599,0.004571240610147981,0.0032542029124650105,-0.017985199605172447,-0.004572536700550638,0.9998277974247787,-0.0031035557602553834,0.0,0.0,0.0,1.0
1741328538.5124648,0.9998378177071982,0.00039298812745688027,0.01800510602133029,0.005167053521463024,-0.00046096850778900883,0.9999927811612164,0.0037716221298620574,0.004126581947084699,-0.01800349384265435,-0.0037793102263926895,0.999830781194333,-0.004911198707203078,0.0,0.0,0.0,1.0
1741328538.6112661,0.9998450757391819,-0.00015857417835862822,0.017601118553652907,0.010472025650916171,8.434951883935527e-05,0.9999911018875184,0.004217704464006745,0.004213142062896427,-0.01760163075594015,-0.004215566393379274,0.9998361923808894,-0.0007059705143843214,0.0,0.0,0.0,1.0
1741328538.709373,0.9998403199365129,0.00021806804049932896,0.0178686058656299,0.007486874558429882,-0.00028733150478460614,0.9999924555670029,0.0038737900926682947,0.0019750132458988706,-0.017867626307315383,-0.0038783057390321366,0.9998328393660295,-0.007862865835900117,0.0,0.0,0.0,1.0
1741328538.811392,0.9998380812060749,0.0007496621186141122,0.017979137266908096,0.003628930365301998,-0.0008401963657908362,0.9999870040851857,0.00502849190133,0.002543628095811806,-0.017975133941679555,-0.005042783699777785,0.999825717258931,0.00028860441994065715,0.0,0.0,0.0,1.0
1741328538.911558,0.9998244507824293,0.0009402851294080801,0.018713190040421112,0.00097472028810044,-0.0010112162980260742,0.999992339441632,0.00378133569660499,0.0055003646380659185,-0.01870949115321174,-0.0037995949688390124,0.999817742400514,-0.007057478917852771,0.0,0.0,0.0,1.0
1741328539.0120947,0.9998357598200509,0.0007794402359505993,0.018106514241570146,-0.0005567659377884521,-0.0008644165695793089,0.9999886480429744,0.004685783731528218,0.004524910198282206,-0.018102656408821274,-0.004700665708492685,0.9998250834885276,-1.3635528205617822e-06,0.0,0.0,0.0,1.0
1741328539.1128068,0.9998359561152781,0.0007621420232774032,0.01809640844433939,0.002842019143777036,-0.0008524746403729556,0.9999872136741828,0.004984553654256345,0.004447660077371813,-0.018092378119957706,-0.004999162697991925,0.9998238215937264,-0.0009273972465503794,0.0,0.0,0.0,1.0
1741328539.2133267,0.9998410475958891,0.0015046418620972824,0.01776557331532245,0.0029553355184911497,-0.0015774749086448112,0.9999904065231816,0.004086371803300382,0.006733873853819528,-0.017759254355627342,-0.004113747010820766,0.9998338291787607,-0.002981403388678479,0.0,0.0,0.0,1.0
1741328539.3126907,0.9998379273271603,0.00065723877644835,0.01799130665958556,0.008303063568078447,-0.0007390164380574536,0.9999894250315255,0.0045391276500501496,-0.0042703387565309146,-0.017988133111381956,-0.0045516878528631104,0.9998278397828586,-7.67293789881025e-05,0.0,0.0,0.0,1.0
1741328539.4130719,0.9998432527100356,0.00022344347131171723,0.0177036742861774,0.005135882286196811,-0.0003129728473063873,0.9999871769675382,0.005054497847476476,-0.00010108818817943856,-0.017702317876842562,-0.005059246337985882,0.9998305016192889,0.0007477269421172898,0.0,0.0,0.0,1.0
1741328539.512743,0.9998362147144454,0.0009829138654970176,0.018071458873663765,-0.0006449647550265363,-0.001067778476950118,0.9999884458333558,0.004687008525049466,0.003982589024756763,-0.01806664314734946,-0.0047055371768521806,0.9998257119744739,-0.0038015226661411924,0.0,0.0,0.0,1.0
1741328539.6131132,0.9998483616264999,0.00040412276255272456,0.017409492743808062,-0.0019682589610339513,-0.00047935879426076733,0.9999905642455732,0.004317595970740623,-0.00030532013833558874,-0.017407583633298557,-0.004325286650960553,0.9998391210226957,-0.0037279427908113454,0.0,0.0,0.0,1.0
1741328539.71258,0.9998540316773238,0.00030450780867466166,0.01708281632505817,0.005954534465208929,-0.0003880606577906975,0.9999879786294705,0.0048879449128909555,-0.0024428127945037488,-0.017081122548799094,-0.004893860596710707,0.9998421302290341,-0.0014685341649460456,0.0,0.0,0.0,1.0
1741328539.812419,0.9998557483478778,0.0003970127052238131,0.016980131819777238,0.002879387262899641,-0.00047071430244341597,0.9999904857528654,0.004336684424029225,0.0013118258551534459,-0.016978248547791844,-0.00434405164104127,0.9998464223527478,-0.001749384235535823,0.0,0.0,0.0,1.0
1741328539.912615,0.9998477968220485,0.00033323521860446914,0.017443398303790728,0.005875333769963287,-0.0004058113097076564,0.9999912760983041,0.004157288114422674,0.003914563432131806,-0.01744186077448507,-0.004163734090271413,0.9998392094787786,-0.0034259491474667924,0.0,0.0,0.0,1.0
1741328540.011698,0.9998370458806323,-3.4470684342800466e-05,0.01805216043753533,0.006525399568964459,-3.937823562036661e-05,0.9999916331279871,0.0040904918256829395,0.004968610944543447,-0.01805215039947192,-0.004090536125416869,0.9998286790146409,0.0008267559222662443,0.0,0.0,0.0,1.0
1741328540.1124382,0.9998460839604608,-0.00033196016177327795,0.017541328096300848,0.008778787215325821,0.0002575762513844653,0.9999909670271838,0.0042425839428818215,0.005481542736765888,-0.01754257801481301,-0.004237412711628571,0.9998371378830182,-0.0006415533615894485,0.0,0.0,0.0,1.0
1741328540.2114902,0.9998342871596599,0.0004764109568060707,0.01819811123537122,0.004790539727939807,-0.0005423205229472054,0.9999933115147892,0.003617017298289886,0.0037079170956401614,-0.018196266330901496,-0.003626287121281645,0.9998278581502562,-0.0011020958993071296,0.0,0.0,0.0,1.0
1741328540.3126845,0.9998365982307971,6.924469587018773e-05,0.018076837207873894,0.009920640681250226,-0.0001305655767740638,0.9999942417584835,0.0033910768947244697,0.008343334169967902,-0.018076498302991146,-0.003392882999436665,0.999830849971161,-0.0004716474765249593,0.0,0.0,0.0,1.0
1741328540.412349,0.9998326668428181,0.0004770392144855735,0.018286900983114356,0.0045967250392481805,-0.0005437769582953512,0.9999932102664523,0.0036446848443727215,0.00604811865630746,-0.01828503816233406,-0.0036540189631440257,0.9998261376483509,-0.0027759164676390263,0.0,0.0,0.0,1.0
1741328540.5125358,0.9998272722119458,0.0006092522548651036,0.01857564407792688,0.0029172079584531417,-0.0006777847042322613,0.999992986933875,0.003683298923781101,0.0040246469101456635,-0.018573269747531988,-0.003695253003132535,0.9998206732990315,-0.004240015028371486,0.0,0.0,0.0,1.0
1741328540.6124985,0.9998309651197338,0.0005704206231673215,0.01837704568352569,0.00548603701236829,-0.0006572273443803737,0.9999886544058796,0.00471795630927667,0.004034567883485223,-0.018374145965446217,-0.0047292367070289705,0.9998199963394457,-0.002612411966920322,0.0,0.0,0.0,1.0
1741328540.7129402,0.9998217919108694,0.0010612457258977654,0.018848293759584196,0.0033772348083889376,-0.0011385658147942664,0.999990979660694,0.00409197570022027,0.004738108724694113,-0.018843781149856804,-0.004112706499991828,0.9998139814771653,-0.002637996509673979,0.0,0.0,0.0,1.0
1741328540.8124182,0.9998304749702875,0.0008371000882472062,0.01839349298342949,0.005485079451620652,-0.0009155502531975655,0.9999905193994837,0.004257097471837118,0.0017807518983219766,-0.018389754985401064,-0.004273215954419882,0.9998217623841681,-0.006060706229543692,0.0,0.0,0.0,1.0
1741328540.9131465,0.9998380412026464,0.0009573934937246471,0.017971498595090844,0.005400510548688967,-0.0010350347654083801,0.9999901700429038,0.0043114406639433635,0.0021712602161959977,-0.017967194190790462,-0.004329343514030977,0.9998292037731484,-0.0038396329287702664,0.0,0.0,0.0,1.0
1741328541.0111136,0.9998422342112421,0.0004527860570764212,0.01775673596859771,0.005683486538255319,-0.0005293509913401099,0.9999905829243706,0.004307418032391557,-0.0008080458420316672,-0.017754618413245098,-0.004316138014976108,0.9998330583040531,-0.0016243790080472296,0.0,0.0,0.0,1.0
1741328541.1111243,0.9998410008441114,0.00046388579294826215,0.01782576340628302,0.0047676809543255975,-0.0005469612961222364,0.999989012003334,0.0046558249469349985,0.00168093455415552,-0.017823407765806803,-0.004664834677355539,0.9998302683221022,-0.0009112078070695551,0.0,0.0,0.0,1.0
1741328541.2123115,0.9998405531648792,0.0006497193709625521,0.017845058466915503,0.0025910701832734346,-0.0007235530046515685,0.9999912042172088,0.0041313386772886184,0.00387729668509351,-0.01784221729489069,-0.004143591794083632,0.9998322288909506,-0.0015286767956438543,0.0,0.0,0.0,1.0
1741328541.31321,0.9998427400131105,0.0005511824240886522,0.017725446144210434,-0.0006539003105860131,-0.0006370660818314783,0.9999880845079566,0.004839936871036638,0.0029131108787973006,-0.01772256724866092,-0.004850468023151559,0.9998311775345243,-0.003285575657279818,0.0,0.0,0.0,1.0
1741328541.412853,0.9998515272567065,0.0007720110797144481,0.017214163974023467,0.0003323702344617321,-0.0008345144420555263,0.9999930849402929,0.0036240388025464867,0.0009988196923714696,-0.017211247138942894,-0.003637866200007905,0.9998452574780926,-0.002708844060536711,0.0,0.0,0.0,1.0
1741328541.5133848,0.9998428046873571,0.0002603378144956473,0.017728455633294986,0.0045096663694463145,-0.00033767357639322745,0.9999904408222633,0.004359385352464796,-0.00039080526315646546,-0.01772715125098139,-0.004364686508539008,0.9998333349214793,0.0005442226318572451,0.0,0.0,0.0,1.0
1741328541.6121294,0.9998392800811339,0.0005871423169349226,0.01791840592071627,0.00593456401869163,-0.0006655968211875819,0.9999902178337647,0.0043727814547788995,0.0028762933302434036,-0.01791566319485607,-0.004384005095719845,0.9998298902871473,-0.005651749900079914,0.0,0.0,0.0,1.0
1741328541.711608,0.9998340177650972,0.0006092425701128294,0.01820894678981213,0.005441858165028868,-0.0006905850582191878,0.999989810263628,0.004461217456115088,0.0029610031114549458,-0.018206043281855933,-0.004473051799850287,0.9998242504538561,-0.002565912538204952,0.0,0.0,0.0,1.0
1741328541.8134,0.9998494909507802,0.0004939130108474896,0.01734218831068632,0.006049909807718474,-0.0005712606722725896,0.9999899114135744,0.004455416065396098,0.007565201745173476,-0.017339812764557302,-0.004464652395113257,0.9998396860358569,-0.0004410972002842643,0.0,0.0,0.0,1.0
1741328541.9133892,0.9998398282018722,0.0006271207766694556,0.017886437900886773,0.006603062210691497,-0.0007155027620578051,0.999987565290461,0.0049353135922448055,0.001704701541667717,-0.01788312045053371,-0.00494732088991387,0.9998278441906707,-0.004542210428662609,0.0,0.0,0.0,1.0
1741328542.0123727,0.9998442026981383,0.0011006420287615613,0.017617006500793515,0.003481076565267075,-0.001172948489812992,0.9999909293876339,0.004094549339891697,0.003134955574800227,-0.017612340070664166,-0.004114575261322333,0.9998364244953544,-0.003704800262212565,0.0,0.0,0.0,1.0
1741328542.112694,0.9998445738143019,0.001016033750031136,0.017601019558981936,0.0016516281216832523,-0.001100889370613784,0.9999878160599868,0.004812044697600409,0.007657512502360799,-0.017595915909396038,-0.004830673555192101,0.9998335103087477,-0.004948306811258542,0.0,0.0,0.0,1.0
1741328542.2114491,0.9998236593693499,0.0008865041990501603,0.018758045622810644,-0.0017853721242632493,-0.0009763193256346374,0.9999881016644355,0.00477946964977501,0.000830878359924551,-0.01875358541337553,-0.00479694067753548,0.9998126286431271,-0.004685026185209864,0.0,0.0,0.0,1.0
1741328542.3125873,0.9998270799330372,0.0009116608210010997,0.018573613195167153,-8.155548404917128e-05,-0.001003853543289383,0.9999872204362011,0.004954921023009571,0.0036847570404202556,-0.01856885862512452,-0.004972709405152131,0.9998152177530267,-0.0033324629479062865,0.0,0.0,0.0,1.0
1741328542.4128559,0.9998233969057725,0.0012139468935034115,0.018753701841021576,0.001967414256863174,-0.0012923973132181552,0.9999904635050947,0.004171643327372092,0.006265991174262221,-0.018748458842981444,-0.004195143836124696,0.9998154309967452,-0.003995741467866483,0.0,0.0,0.0,1.0
1741328542.5123951,0.9998328867201745,0.001300381858770827,0.018234792014830695,0.00259622128024289,-0.001374995489638331,0.999990731909095,0.00407988765971424,0.004451837378963202,-0.018229317601222154,-0.004104278613080991,0.9998254081972812,-0.003217928927302512,0.0,0.0,0.0,1.0
1741328542.6113765,0.9998289927966489,0.001378605674077421,0.018441383072701743,0.0050068422717967145,-0.0014705710467167786,0.9999865469328757,0.004974271208963151,-0.0006468141996267355,-0.018434277421024322,-0.005000539936763124,0.9998175693676851,-0.0035571016891713892,0.0,0.0,0.0,1.0
1741328542.7110426,0.9998243243963427,0.001497476093377567,0.018683626809233873,0.0031914987780557414,-0.0015822284831995576,0.9999885229382864,0.004522227850422552,0.0021050265688472235,-0.018676640448001134,-0.004550995171822093,0.9998152187001967,-0.00036170595000324266,0.0,0.0,0.0,1.0
1741328542.8115265,0.9998281228699705,0.0011167877277928257,0.018506147721292283,0.003548752465069162,-0.0012185105212083013,0.9999842075346771,0.005486338793179904,0.001120741548441209,-0.0184997283877614,-0.005507945752719193,0.9998136939366075,-0.0019319096105517245,0.0,0.0,0.0,1.0
1741328542.9124126,0.9998343583151985,0.0010611498454313102,0.01816947697213331,0.0049625575419469615,-0.0011484907660562185,0.9999878335882957,0.004797253833944857,0.006218061087568028,-0.018164165309631632,-0.004817326685263948,0.999823412639558,0.0003193540690171701,0.0,0.0,0.0,1.0
1741328543.0124612,0.9998332437862576,0.0008625598752214068,0.01824117897263143,0.0029437597606159693,-0.0009475011663430297,0.9999887470679453,0.004648438342143194,0.004387212835860511,-0.01823696414948748,-0.004664946724517485,0.9998228100071871,-0.001833558228810428,0.0,0.0,0.0,1.0
1741328543.1123066,0.9998360102231161,0.0007251394290295724,0.018094939456361297,0.003465654131021688,-0.0007928979563367937,0.9999927003592692,0.0037377186902830357,0.0015081181791369537,-0.018092097002607273,-0.003751453183143948,0.9998292867410231,-0.002791223948822162,0.0,0.0,0.0,1.0
1741328543.3123095,0.9998362415182828,0.00047876263435091,0.018090354693425535,0.001591020368413096,-0.0005567049111134308,0.9999905840405515,0.004303708851510658,0.011012461802640823,-0.018088123900392106,-0.004313075071984995,0.9998270936302873,-0.00015121463164314598,0.0,0.0,0.0,1.0
1741328543.4105284,0.9998345212322511,-0.0003925199824761378,0.01818725048869705,0.010190190053916635,0.00030935956339274017,0.9999894865758501,0.004575044746064702,0.00778013976904607,-0.018188855074902095,-0.004568661273427229,0.99982413097766,-0.00386032296336768,0.0,0.0,0.0,1.0
1741328543.5125537,0.999828323455798,0.0002325407216028255,0.018527534654701545,0.008489044839287365,-0.0003092372066952893,0.9999913954375557,0.0041368373427486775,0.004547768331003734,-0.01852641325023183,-0.004141856547873319,0.9998197922807983,-0.004317234704763131,0.0,0.0,0.0,1.0
1741328543.6122344,0.9998350829040812,-0.00023668198805082974,0.018159046666211782,0.008552666782816683,0.00016175574932231795,0.9999914688824144,0.00412746865145336,0.002061462120769375,-0.018159868646735477,-0.004123850631109393,0.999826591478095,-0.0016084243987610288,0.0,0.0,0.0,1.0
1741328543.7114348,0.9998250042798393,0.0005487841188214845,0.018699188560217326,0.0034098511310258137,-0.0006255018460963692,0.9999914111053809,0.004097128617699758,-0.000489857415549003,-0.018696779515739153,-0.0041081080146916325,0.9998167601537192,-0.004208523986666549,0.0,0.0,0.0,1.0
1741328543.8124397,0.999835918904064,0.0005283662484245002,0.018106797021381564,0.00497778800886597,-0.0006029879491518613,0.9999913474925817,0.004115986577234277,0.008006413336389816,-0.018104465603799635,-0.004126229402047459,0.999827586414839,-0.0015215418754737603,0.0,0.0,0.0,1.0
1741328543.9126308,0.999832325360273,0.0006203160096395605,0.018301266970287795,0.008288848885399044,-0.0006908997985660185,0.999992347354021,0.003850700048519894,0.009417669033068753,-0.018298738266282286,-0.003862698725439836,0.9998251025736545,-0.005908558257609138,0.0,0.0,0.0,1.0
1741328544.0153837,0.9998406325985263,0.0003615138990601263,0.01784877342227581,0.00573401392501627,-0.0004481234242674788,0.9999881448354511,0.004848646610104877,5.799950922531109e-06,-0.017846808968988707,-0.004855872347358924,0.9998289413261504,-0.0032574912789405564,0.0,0.0,0.0,1.0
1741328544.1090326,0.9998370762046102,0.00023497846182611663,0.018048984230120572,0.007339648809957252,-0.0003255898164177834,0.999987359123556,0.00501752771469587,-0.000672544233288847,-0.018047577064196407,-0.005022586805499131,0.99982451389426,-0.0009686125110457427,0.0,0.0,0.0,1.0
1741328544.212336,0.9998484124620789,0.0008406623065264779,0.01739095695892156,0.005511528450154322,-0.0009143012256403748,0.9999906490427548,0.004226804977615693,0.004467459944836376,-0.017387241021204862,-0.004242064819918464,0.9998398315408995,-0.002234048490884125,0.0,0.0,0.0,1.0
1741328544.3112056,0.999845228455884,0.0004552563790093433,0.017587264586361263,0.008368483728126963,-0.0005320977975812163,0.9999903330037541,0.0043647188884254765,-0.002600727005762108,-0.01758510750422399,-0.004373401498895362,0.9998358051967305,-0.0007869463320087247,0.0,0.0,0.0,1.0
1741328544.4114575,0.9998345684928502,0.0007348850619103099,0.018174036168711584,0.0055801404302300486,-0.0008144986954913351,0.9999901040109247,0.004373610876027979,0.0024485741334545922,-0.018170642217348806,-0.004387690071740299,0.9998252727038077,0.0009897955802377488,0.0,0.0,0.0,1.0
1741328544.5123587,0.9998261147399484,0.0004888606340474511,0.018641386732219697,0.005593997234845403,-0.0005639335338472589,0.9999917520198529,0.004022172452108089,0.002364602916132712,-0.01863926669665683,-0.004031985558700996,0.9998181438789083,-0.001244145462834079,0.0,0.0,0.0,1.0
1741328544.612724,0.9998458393604277,0.0005412326254026621,0.01755005928443375,0.0024684640737640626,-0.0006191487846925499,0.9999899757813431,0.0044345227038896295,-0.0008454874523114042,-0.017547483250436608,-0.004444705172910638,0.9998361517906329,-0.002438994363937157,0.0,0.0,0.0,1.0
1741328544.7126753,0.9998347483612239,0.0008938376860694881,0.018157010316654308,0.006144926682462742,-0.0009732264115437804,0.9999900042037881,0.0043639801626131096,0.0025841473132002966,-0.018152928132948762,-0.004380929889734492,0.9998256241232774,-0.0015850802850531749,0.0,0.0,0.0,1.0
1741328544.8115294,0.9998418180153553,0.0007026308066252394,0.01777203583439182,0.0035928184340908694,-0.0007850453125639565,0.999988969810698,0.0046307624422344505,-0.0010572997759102545,-0.01776858608912221,-0.004643981792467427,0.9998313411678517,-0.0010562377339170482,0.0,0.0,0.0,1.0
1741328544.9124417,0.9998288199331836,0.0005113224384623979,0.018495117744458018,0.0023145834220019276,-0.0005920349802335289,0.9999903252201733,0.004358779718492234,-0.0007039998070588659,-0.018492710066391593,-0.004368983338957042,0.9998194495302561,-0.0026787741933715706,0.0,0.0,0.0,1.0
1741328545.0123966,0.999827339062363,0.0003393801868019351,0.018578936583227842,0.007622720065693968,-0.0004243470233394496,0.9999894695741606,0.00456953721867541,-0.003062909977053512,-0.0185771901287191,-0.004576632154530571,0.9998169544696887,-0.0031274875852600886,0.0,0.0,0.0,1.0
1741328545.1165273,0.9998277801020977,0.0007836185084483682,0.018541738811253865,0.009779656603830426,-0.00087978794030258,0.9999862015741834,0.00517905729038369,0.001484703141299169,-0.018537424559297307,-0.005194478151864291,0.999814673470758,-7.542718380545684e-05,0.0,0.0,0.0,1.0
1741328545.2117624,0.9998261738243958,0.0004402735622823056,0.01863942850142048,0.008395047669182134,-0.0005179986537400873,0.9999911909117951,0.004165306255798648,0.0036002347561384716,-0.018637430430827488,-0.004174237415412203,0.9998175943285534,1.363652314191312e-05,0.0,0.0,0.0,1.0
1741328545.310302,0.9998343911852393,0.000311156974448576,0.018195971658015016,0.012069325551280848,-0.00038413406973083716,0.9999918971188648,0.0040072606141988475,0.004976266617603808,-0.018194577331130994,-0.0040135866691637925,0.9998264091720076,-0.0010513772010510211,0.0,0.0,0.0,1.0
1741328545.412262,0.9998284186097659,-0.00023333535109272901,0.018522389017316353,0.009643581083700954,0.00015446301692245113,0.9999909162208668,0.004259532477636028,0.002582494666613299,-0.01852321466353166,-0.004255940597043541,0.9998193724309223,-0.0029665258401953666,0.0,0.0,0.0,1.0
1741328545.5121734,0.9998230032888366,-4.4117933733091265e-05,0.018813828640106077,0.008991862321029716,-4.5001614229967966e-05,0.999988781862315,0.004736467499992391,0.0010106901394974558,-0.0188138265471453,-0.00473647581348101,0.9998117851513466,-0.0035968976559571032,0.0,0.0,0.0,1.0
1741328545.6123586,0.9998301193154273,-0.0005548645598920739,0.018423480534863944,0.0082910955322426,0.00046756073813370184,0.9999886440507415,0.004742695068801407,0.0038228593935551516,-0.018425902872165875,-0.004733275280358527,0.9998190247282084,-0.004021232625191803,0.0,0.0,0.0,1.0
1741328545.7136278,0.9998226849668923,0.00032668364286059703,0.018827955369399293,0.003226860794862599,-0.0004264621866135581,0.9999858866525162,0.005295717683612323,-0.00386885630143433,-0.018825959619578312,-0.00530280808427222,0.9998087134401378,-0.0038802970962049962,0.0,0.0,0.0,1.0
1741328545.8121324,0.9998426016744326,0.0005958903970081456,0.01773180170024612,0.0063927202333254945,-0.0006766895671010761,0.9999894147942531,0.004551086757837742,0.0017592190349169801,-0.017728902056581907,-0.004562369349619008,0.999832421367594,-0.0019482410298703155,0.0,0.0,0.0,1.0
1741328545.9123173,0.9998369348931908,0.0007076618031392677,0.0180444683535338,0.006083279378373629,-0.00079132998682099,0.9999889681146298,0.004630058951026474,0.001915352134209267,-0.01804099277316143,-0.004643583078873486,0.9998264648007414,-0.002374684123126259,0.0,0.0,0.0,1.0
1741328546.0107055,0.9998465404606509,0.0008232968118341529,0.017499077439331025,0.004096485927034609,-0.0009019035521012555,0.999989537261545,0.004484633477093347,-0.001910236662882194,-0.01749520216661664,-0.00449972774740683,0.999836821862122,-0.003921542111775896,0.0,0.0,0.0,1.0
1741328546.1123595,0.9998369820072184,0.0007135110932881936,0.01804162721644207,-0.003270654618741865,-0.0008122823804470657,0.9999847210292331,0.005467897714950694,0.00010681990829684614,-0.018037450153270664,-0.0054816612451429785,0.999822285099688,-0.002819371262791981,0.0,0.0,0.0,1.0
1741328546.2122223,0.9998462617174368,0.0011217287102035702,0.017498418624766105,-0.004148991823502878,-0.0012081223747488464,0.9999871303166119,0.0049274376175667935,0.00501369731405684,-0.01749266617741525,-0.004947820312833333,0.999834749198165,-0.0018366109434684015,0.0,0.0,0.0,1.0
1741328546.3122442,0.9998288130812149,0.0008534080716407084,0.01848286307022008,0.0014503282099755323,-0.0009443261930450489,0.9999874956709839,0.004910880747398028,0.0031616294782135733,-0.018478440969150394,-0.0049274939205740335,0.9998171167883717,-0.0006321190910909846,0.0,0.0,0.0,1.0
1741328546.4117546,0.9998266324230981,0.0015796647837557803,0.01855289078980037,0.002644605140641557,-0.0016652919258905157,0.9999880298469829,0.004600757062873066,0.004399371534400598,-0.018545401054947865,-0.004630855420003343,0.9998172949483273,-0.00355393992114809,0.0,0.0,0.0,1.0
1741328546.5122378,0.9998360036238138,0.0005625953066535872,0.018101086820468765,0.002568854131847508,-0.0006488502392845066,0.9999884622495884,0.0047596597641748,-0.004509593879624208,-0.018098200212402257,-0.004770624091736367,0.9998248328056506,-0.006415354122698104,0.0,0.0,0.0,1.0
1741328546.6126873,0.9998414294339287,0.0007065164436970963,0.017793729851640152,0.0019260576776298137,-0.000788287721569154,0.9999891601660251,0.0045889163117335385,0.0006782184090429211,-0.01779029482572977,-0.0046022152234393,0.99983114825707,-0.003530850814224708,0.0,0.0,0.0,1.0
1741328546.711386,0.9998421964719222,0.00033759274201243414,0.017761424079804168,0.0009087298773003904,-0.00040430415041587195,0.9999928775588802,0.0037525151117977257,0.010757618951717007,-0.017760030753240924,-0.0037591039691466798,0.9998352116448955,0.0005081206206605366,0.0,0.0,0.0,1.0
1741328546.811309,0.9998359438596427,0.0007260444576843268,0.018098569715393448,0.003932818520527253,-0.0007963507780585966,0.9999921644878321,0.00387772979705364,0.007732833958279513,-0.01809561249960267,-0.003891506441744388,0.9998286878190075,-0.005701679993479638,0.0,0.0,0.0,1.0
1741328546.9121652,0.9998327599088244,0.0011042735333608037,0.01825466496725125,-0.00039857437076597923,-0.0011824763609609452,0.9999901683446563,0.00427375288028932,0.0007680650762036633,-0.018249766101483048,-0.0042946238472689946,0.9998242356750768,-0.002668296639482802,0.0,0.0,0.0,1.0
1741328547.012385,0.9998349097116442,0.001393865484930392,0.018116579724611774,-0.004229355177124972,-0.0014670993687273186,0.9999908045006151,0.004029706398119272,0.008931786126571455,-0.018110796264951316,-0.004055619955405493,0.99982776066952,-0.0014468971888573203,0.0,0.0,0.0,1.0
1741328547.1122684,0.9998318985917869,-0.0001360709922509251,0.018334558708293473,0.005989192549731608,6.432195385438519e-05,0.9999923387706053,0.003913855232524185,0.006010464579005131,-0.018334950805198376,-0.00391201799330888,0.9998242474026077,-0.003794169213582758,0.0,0.0,0.0,1.0
1741328547.2088637,0.9998323971335008,-3.5321516905774703e-05,0.018307823318680597,0.006213560149916758,-5.688751704257114e-05,0.9999873174187773,0.005036046605023659,0.0022686750879465415,-0.018307769009029647,-0.005036244035787888,0.9998197146685617,-0.0035223385516725495,0.0,0.0,0.0,1.0
1741328547.3122535,0.999846738162261,-0.0006190505750452945,0.017496198520623753,0.003820193148089258,0.000534120041987845,0.9999880548536986,0.004858483888758512,0.0025937805958624978,-0.01749899717321789,-0.004848394198300631,0.9998351254940137,-0.0023881759552950455,0.0,0.0,0.0,1.0
1741328547.4122763,0.9998434630387166,-0.00038725525421311224,0.01768896413346097,0.007017812446784269,0.0002984656796195779,0.9999873458703035,0.005021853990750129,-0.0013406096546664933,-0.017690685034358434,-0.005015788336284547,0.9998309264722616,-0.0022090043339633575,0.0,0.0,0.0,1.0
1741328547.512195,0.99984363417794,0.0001269009792697022,0.017683073544809656,0.004230598733936679,-0.00021126140850801598,0.9999886064072733,0.004768901787287401,0.002594672908998274,-0.017682266892764684,-0.004771891845062935,0.9998322691760614,-0.002297063076155277,0.0,0.0,0.0,1.0
1741328547.6112866,0.9998422508923872,1.5042519182947457e-05,0.017761562548592076,0.0078709739825109,-9.340644784248406e-05,0.9999902663628675,0.004411173852515473,0.0032536506371444217,-0.01776132330882002,-0.004412137038242509,0.9998325201957954,-0.002653039089650637,0.0,0.0,0.0,1.0
1741328547.7124214,0.9998397965071297,0.0006789588884232458,0.017886316988390837,0.0025864901520088195,-0.0007454974082690429,0.9999928264019649,0.0037136744908595346,0.0025197368508573592,-0.017883667246838156,-0.00372641375019304,0.9998331302204218,-0.001837785955903452,0.0,0.0,0.0,1.0
1741328547.812219,0.999839489704019,0.0008629806850935625,0.017895532759440648,0.0020702585506411028,-0.0009366891787905611,0.9999911117313695,0.00411084804418644,0.004521196692853348,-0.017891826116676703,-0.004126950762634594,0.9998314112067163,-8.66991131392164e-05,0.0,0.0,0.0,1.0
1741328547.9135363,0.9998411683308932,0.0011186159849730368,0.017787265360168676,-0.0018512375778935765,-0.0011854023770121911,0.9999922862510198,0.003744630777990033,0.005000603839109096,-0.017782939349822557,-0.0037651210786718665,0.9998347818171479,-0.004155863566448054,0.0,0.0,0.0,1.0
1741328548.0164113,0.9998406696120622,0.0010182668171494207,0.01782129407176897,-0.004292417562176823,-0.0010931799420194242,0.9999906062031652,0.004194337020439517,-0.0007264938524033955,-0.017816855707945268,-0.004213150616314995,0.9998323904608046,-0.004016941067014303,0.0,0.0,0.0,1.0
